Path: 816,327,978,75,653,329,172,6,493,331,654,817,815,491,492,4,1,168,163,2,332,981,984,820,333,657,5,979,980,652,490,656,489,164,165,982,792,7,496,3
Maximun: 4970123.96
Normalizer: 1.8290782306E8
Evaluation: 0.3030826442337436
Feasible: No