Path: 183,346,77,489,4,174,23,978,352,817,25,492,501,164,11,984,349,1003,334,674,825,500,985,343,999,8,662,331,995,6,5,1004,988,165,3,353,990,171,792,75,821,512,652,1075,483,179,671,16,520,186,675,340,12,828,1038,502,339,826,444,17,491,499,347,176,668,979,493,168,505,986,508,657,663,815,673,665,351,981,333,27,991,185,22,820,26,654,490,344,653,507,667,184,656,2,173,172,182,496,839,19,9,832,661,829,1,7,823,678,816,187,14,181,982,332,345,676,163,329,509,837,510,660,20,74,658,666,818,655,819,1037,494,495,167,328,326,169,330,1073,166,822,1001,980,297,336,840,350,670,327,511,504
Maximun: 4978506.48
Normalizer: 7.229897850900004E8
Evaluation: 0.19269515285427916
Feasible: Yes