Path: 7,816,982,332,820,654,490,653,2,656,1,168,657,815,496,172,163,329,493,979,165,3,333,981,6,5,978,817,4,489,75,652,792,492,491,984,331,164,327,980
Maximun: 4970123.96
Normalizer: 1.8290782306E8
Evaluation: 0.2803003987051006
Feasible: Yes