Path: 980,327,164,492,491,984,331,979,493,329,163,172,496,815,657,168,1,656,2,653,490,654,7,816,982,332,820,981,333,3,165,6,5,978,817,4,489,792,75,652
Maximun: 4970123.96
Normalizer: 1.8290782306E8
Evaluation: 0.2509898717942786
Feasible: Yes