Path: 4,174,5,351,665,673,2,661,657,663,823,678,816,187,982,14,181,332,820,26,490,344,653,507,173,839,19,505,168,9,832,829,815,1004,978,23,509,329,1,986,508,495,167,328,169,166,1001,340,828,74,658,1073,1037,494,326,330,819,655,818,666,822,297,980,336,840,339,1038,12,502,821,512,483,1075,652,171,16,826,444,164,11,501,492,984,995,999,334,674,985,500,20,660,510,343,825,504,670,350,511,327,1003,349,331,662,8,837,163,172,182,496,493,979,176,668,352,817,489,347,499,491,25,17,675,186,520,671,179,183,75,792,346,77,27,991,185,22,676,184,667,656,7,654,345,353,990,981,6,988,165,3,333
Maximun: 4978506.48
Normalizer: 722989785.0900004
Evaluation: 101158.95047947852756908976874245528860570736861
Feasible: No